# Acc1	amplitude
# "Acc1"	"amplitude"
# 875
0	2.0611536181902e-17
0.8	2.14527089289753e-17
1.6	2.23282105869359e-17
2.4	2.32394421452018e-17
3.2	2.41878617686526e-17
4	2.51749871310048e-17
4.8	2.62023978434124e-17
5.6	2.72717379821828e-17
6.4	2.83847187196484e-17
7.2	2.95431210624082e-17
8	3.07487987013172e-17
8.8	3.20036809777877e-17
9.6	3.3309775971147e-17
10.4	3.46691737119914e-17
11.2	3.60840495266829e-17
12	3.75566675183326e-17
12.8	3.90893841898507e-17
13.6	4.06846522148518e-17
14.4	4.23450243624571e-17
15.2	4.40731575822681e-17
16	4.58718172560527e-17
16.8	4.77438816229461e-17
17.6	4.96923463852459e-17
18.4	5.17203295021753e-17
19.2	5.3831076179282e-17
20	5.60279640614594e-17
20.8	5.83145086378969e-17
21.6	6.0694368867614e-17
22.4	6.3171353034572e-17
23.2	6.5749424841743e-17
24	6.84327097538763e-17
24.8	7.12255015991231e-17
25.6	7.41322694400762e-17
26.4	7.71576647252209e-17
27.2	8.03065287322466e-17
28	8.35839003151192e-17
28.8	8.69950239673238e-17
29.6	9.0545358214169e-17
30.4	9.42405843475922e-17
31.2	9.8086615517436e-17
32	1.02089606193747e-16
32.8	1.0625596201524e-16
33.6	1.10592350039682e-16
34.4	1.15105709412606e-16
35.2	1.1980326247142e-16
36	1.24692526302687e-16
36.8	1.29781324771061e-16
37.6	1.35077801039138e-16
38.4	1.40590430598249e-16
39.2	1.46328034831047e-16
40	1.52299795127603e-16
40.8	1.58515267577578e-16
41.6	1.64984398262003e-16
42.4	1.7171753916912e-16
43.2	1.78725464759774e-16
44	1.86019389208834e-16
44.8	1.9361098435026e-16
45.6	2.01512398354521e-16
46.4	2.09736275168249e-16
47.2	2.18295774747243e-16
48	2.27204594115193e-16
48.8	2.36476989281831e-16
49.6	2.46127798055574e-16
50.4	2.56172463787173e-16
51.2	2.66627060082351e-16
52	2.77508316522988e-16
52.8	2.88833645438005e-16
53.6	3.00621169766781e-16
54.4	3.12889752059713e-16
55.2	3.25659024662291e-16
56	3.38949421131021e-16
56.8	3.52782208931443e-16
57.6	3.67179523470596e-16
58.4	3.82164403518354e-16
59.2	3.97760828074346e-16
60	4.13993754739433e-16
60.8	4.30889159653158e-16
61.6	4.48474079061074e-16
62.4	4.66776652578451e-16
63.2	4.85826168219635e-16
64	5.05653109265044e-16
64.8	5.26289203040883e-16
65.6	5.47767471689568e-16
66.4	5.70122285012126e-16
67.2	5.93389415467159e-16
68	6.17606095414305e-16
68.8	6.42811076693898e-16
69.6	6.69044692638072e-16
70.4	6.96348922612613e-16
71.2	7.24767459192785e-16
72	7.54345778080664e-16
72.8	7.85131210875837e-16
73.6	8.17173020815916e-16
74.4	8.50522481608098e-16
75.2	8.85232959477869e-16
76	9.21359998566181e-16
76.8	9.58961409811733e-16
77.6	9.98097363460624e-16
78.4	1.03883048535135e-15
79.2	1.08122595712928e-15
80	1.12535162055095e-15
80.8	1.17127808604503e-15
81.6	1.21907884570381e-15
82.4	1.26883039088592e-15
83.2	1.32061233461841e-15
84	1.37450753899427e-15
84.8	1.43060224776898e-15
85.6	1.48898622436851e-15
86.4	1.54975289552945e-15
87.2	1.61299950080123e-15
88	1.67882724814952e-15
88.8	1.74734147591e-15
89.6	1.81865182135149e-15
90.4	1.89287239611823e-15
91.2	1.9701219688321e-15
92	2.05052415514691e-15
92.8	2.13420761555886e-15
93.6	2.22130626128982e-15
94.4	2.3119594685728e-15
95.2	2.40631230168243e-15
96	2.50451574506755e-15
96.8	2.60672694495711e-15
97.6	2.71310946082622e-15
98.4	2.82383352712458e-15
99.2	2.93907632568621e-15
100	3.05902226925625e-15
100.8	3.18386329658866e-15
101.6	3.31379917958702e-15
102.4	3.44903784297971e-15
103.2	3.58979569704135e-15
104	3.73629798389248e-15
104.8	3.88877913793202e-15
105.6	4.04748316097902e-15
106.4	4.21266401272404e-15
107.2	4.38458601711502e-15
108	4.56352428532765e-15
108.8	4.74976515599755e-15
109.6	4.94360665341819e-15
110.4	5.14535896443795e-15
111.2	5.35534493481963e-15
112	5.57390058585609e-15
112.8	5.80137565206938e-15
113.6	6.03813414085316e-15
114.4	6.28455491495428e-15
115.2	6.54103229872534e-15
116	6.80797670911849e-15
116.8	7.08581531242993e-15
117.6	7.3749927078462e-15
118.4	7.67597163888585e-15
119.2	7.989233733875e-15
120	8.31528027664132e-15
120.8	8.65463300866015e-15
121.6	9.0078349639358e-15
122.4	9.37545133795399e-15
123.2	9.75807039209624e-15
124	1.01563043949625e-14
124.8	1.05707906021094e-14
125.6	1.10021922757701e-14
126.4	1.14511997461898e-14
127.2	1.1918531516272e-14
128	1.24049354113058e-14
128.8	1.29111897756123e-14
129.6	1.34381047180251e-14
130.4	1.39865234081979e-14
131.2	1.45573234258132e-14
132	1.51514181648505e-14
132.8	1.57697582951617e-14
133.6	1.64133332836912e-14
134.4	1.70831729777757e-14
135.2	1.77803492530552e-14
136	1.85059777286345e-14
136.8	1.92612195522365e-14
137.6	2.00472832582055e-14
138.4	2.08654267013322e-14
139.2	2.17169590695948e-14
140	2.26032429790358e-14
140.8	2.35256966541272e-14
141.6	2.44857961971115e-14
142.4	2.54850779499488e-14
143.2	2.65251409526506e-14
144	2.76076495019305e-14
144.8	2.87343358142688e-14
145.6	2.99070027976472e-14
146.4	3.11275269363915e-14
147.2	3.2397861293735e-14
148	3.37200386369078e-14
148.8	3.50961746897492e-14
149.6	3.65284715180486e-14
150.4	3.80192210530297e-14
151.2	3.95708087586131e-14
152	4.11857174483263e-14
152.8	4.28665312579648e-14
153.6	4.46159397803592e-14
154.4	4.64367423688632e-14
155.2	4.83318526164459e-14
156	5.03043030175512e-14
156.8	5.23572498201849e-14
157.6	5.44939780759852e-14
158.4	5.67179068963589e-14
159.2	5.90325949230864e-14
160	6.14417460221472e-14
160.8	6.39492152098718e-14
161.6	6.65590148208977e-14
162.4	6.9275320927793e-14
163.2	7.21024800226173e-14
164	7.50450159711e-14
164.8	7.81076372505628e-14
165.6	8.12952444831549e-14
166.4	8.46129382764523e-14
167.2	8.80660273839553e-14
168	9.16600371985332e-14
168.8	9.54007185923987e-14
169.6	9.92940571177431e-14
170.4	1.03346282582745e-13
171.2	1.07563879018261e-13
172	1.11953595051133e-13
172.8	1.16522454700696e-13
173.6	1.21277768615744e-13
174.4	1.26227145769914e-13
175.2	1.31378505634194e-13
176	1.36740090845997e-13
176.8	1.42320480395057e-13
177.6	1.48128603347224e-13
178.4	1.54173753128081e-13
179.2	1.60465602389226e-13
180	1.67014218480952e-13
180.8	1.73830079556069e-13
181.6	1.80924091330591e-13
182.4	1.8830760452806e-13
183.2	1.95992433035389e-13
184	2.03990872799214e-13
184.8	2.12315721492952e-13
185.6	2.20980298985972e-13
186.4	2.29998468647563e-13
187.2	2.39384659519744e-13
188	2.49153889394299e-13
188.8	2.593217888309e-13
189.6	2.6990462615466e-13
190.4	2.80919333473022e-13
191.2	2.92383533753526e-13
192	3.04315569005653e-13
192.8	3.16734529611748e-13
193.6	3.29660284853802e-13
194.4	3.43113514684832e-13
195.2	3.57115742795525e-13
196	3.71689371028894e-13
196.8	3.86857715197867e-13
197.6	4.02645042362893e-13
198.4	4.1907660962904e-13
199.2	4.36178704524425e-13
200	4.53978687024344e-13
200.8	4.72505033288101e-13
201.6	4.91787381178214e-13
202.4	5.11856577634539e-13
203.2	5.32744727978787e-13
204	5.54485247227949e-13
204.8	5.77112913498371e-13
205.6	6.00663923585477e-13
206.4	6.25175950807634e-13
207.2	6.50688205206229e-13
208	6.77241496197701e-13
208.8	7.04878297777252e-13
209.6	7.3364281637788e-13
210.4	7.63581061492676e-13
211.2	7.9474091917262e-13
212	8.27172228516664e-13
212.8	8.6092686127566e-13
213.6	8.96058804696513e-13
214.4	9.32624247738131e-13
215.2	9.70681670795996e-13
216	1.01029193907773e-12
216.8	1.05151839977774e-12
217.6	1.09442698320505e-12
218.4	1.13908630802462e-12
219.2	1.18556779077876e-12
220	1.23394575986232e-12
220.8	1.2842975741318e-12
221.6	1.33670374633635e-12
222.4	1.39124807156558e-12
223.2	1.4480177609175e-12
224	1.50710358059757e-12
224.8	1.56859999666872e-12
225.6	1.63260532568057e-12
226.4	1.69922189141574e-12
227.2	1.76855618800013e-12
228	1.84071904963424e-12
228.8	1.91582582721282e-12
229.6	1.99399657211071e-12
230.4	2.07535622742381e-12
231.2	2.16003482696581e-12
232	2.24816770233295e-12
232.8	2.33989569836177e-12
233.6	2.43536539731753e-12
234.4	2.53472935216451e-12
235.2	2.63814632928312e-12
236	2.74578156101332e-12
236.8	2.85780700841879e-12
237.6	2.97440163468183e-12
238.4	3.09575168955516e-12
239.2	3.22205100531344e-12
240	3.35350130466478e-12
240.8	3.49031252110061e-12
241.6	3.63270313218078e-12
242.4	3.78090050627038e-12
243.2	3.93514126326483e-12
244	4.0956716498605e-12
244.8	4.26274792995001e-12
245.6	4.43663679074351e-12
246.4	4.61761576524075e-12
247.2	4.80597367170261e-12
248	5.00201107079564e-12
248.8	5.20604074110943e-12
249.6	5.4183881737727e-12
250.4	5.63939208692237e-12
251.2	5.86940496080803e-12
252	6.10879359434401e-12
252.8	6.35793968395229e-12
253.6	6.61724042557045e-12
254.4	6.88710914073256e-12
255.2	7.16797592766405e-12
256	7.46028833836697e-12
256.8	7.76451208270844e-12
257.6	8.08113176056173e-12
258.4	8.41065162308882e-12
259.2	8.75359636429236e-12
260	9.11051194400646e-12
260.8	9.48196644353725e-12
261.6	9.86855095520909e-12
262.4	1.02708805071152e-11
263.2	1.06895950244196e-11
264	1.11253603286032e-11
264.8	1.15788691760962e-11
265.6	1.20508423377895e-11
266.4	1.25420297209689e-11
267.2	1.30532115352677e-11
268	1.35851995042896e-11
268.8	1.41388381246065e-11
269.6	1.47150059738953e-11
270.4	1.53146170700329e-11
271.2	1.59386222830301e-11
272	1.65880108017442e-11
272.8	1.72638116573715e-11
273.6	1.79670953057845e-11
274.4	1.86989752708405e-11
275.2	1.94606098508556e-11
276	2.02532038904988e-11
276.8	2.10780106204325e-11
277.6	2.19363335670875e-11
278.4	2.28295285350307e-11
279.2	2.37590056644498e-11
280	2.47262315663477e-11
280.8	2.57327315381037e-11
281.6	2.67800918621312e-11
282.4	2.78699621904228e-11
283.2	2.9004058017842e-11
284	3.01841632470842e-11
284.8	3.14121328482943e-11
285.6	3.26898956163862e-11
286.4	3.40194570291727e-11
287.2	3.5402902209465e-11
288	3.68423989943599e-11
288.8	3.83402011149745e-11
289.6	3.98986514899411e-11
290.4	4.15201856360065e-11
291.2	4.32073351991191e-11
292	4.49627316094118e-11
292.8	4.67891098635071e-11
293.6	4.86893124375865e-11
294.4	5.06662933346626e-11
295.2	5.27231222694867e-11
296	5.4862988994504e-11
296.8	5.70892077702334e-11
297.6	5.94052219834038e-11
298.4	6.18146089161116e-11
299.2	6.43210846691863e-11
300	6.69285092428486e-11
300.8	6.96408917776209e-11
301.6	7.24623959583144e-11
302.4	7.5397345583734e-11
303.2	7.84502303045563e-11
304	8.16257115315989e-11
304.8	8.49286285164435e-11
305.6	8.83640046060773e-11
306.4	9.1937053672881e-11
307.2	9.56531867209169e-11
308	9.95180186690432e-11
308.8	1.03537375310918e-10
309.6	1.07717300451416e-10
310.4	1.12064063218429e-10
311.2	1.16584165548331e-10
312	1.21284349842742e-10
312.8	1.26171606793387e-10
313.6	1.31253183371028e-10
314.4	1.36536590973509e-10
315.2	1.42029613726912e-10
316	1.47740316932731e-10
316.8	1.53677055652756e-10
317.6	1.59848483422026e-10
318.4	1.66263561078817e-10
319.2	1.72931565699055e-10
320	1.79862099620916e-10
320.8	1.87065099543546e-10
321.6	1.94550845681931e-10
322.4	2.02329970957854e-10
323.2	2.10413470204683e-10
324	2.18812709361305e-10
324.8	2.2753943462804e-10
325.6	2.36605781554612e-10
326.4	2.46024284027395e-10
327.2	2.55807883120077e-10
328	2.65969935768659e-10
328.8	2.76524223228232e-10
329.6	2.874849592654e-10
330.4	2.98866798036363e-10
331.2	3.10684841596675e-10
332	3.22954646984505e-10
332.8	3.35692232814825e-10
333.6	3.48914085317369e-10
334.4	3.62637163746484e-10
335.2	3.7687890508606e-10
336	3.91657227967644e-10
336.8	4.06990535714665e-10
337.6	4.22897718420338e-10
338.4	4.39398153961414e-10
339.2	4.56511707844438e-10
340	4.74258731775668e-10
340.8	4.92660060840267e-10
341.6	5.11737009170917e-10
342.4	5.31511363980638e-10
343.2	5.52005377829344e-10
344	5.73241758988687e-10
344.8	5.95243659765015e-10
345.6	6.18034662635887e-10
346.4	6.41638764051741e-10
347.2	6.66080355750908e-10
348	6.91384203433468e-10
348.8	7.17575422637514e-10
349.6	7.44679451660281e-10
350.4	7.727220213666e-10
351.2	8.01729121728125e-10
352	8.31726964939224e-10
352.8	8.62741944959167e-10
353.6	8.94800593335615e-10
354.4	9.27929531171571e-10
355.2	9.6215541710693e-10
356	9.97504891196851e-10
356.8	1.0340045145825e-09
357.6	1.07168070486528e-09
358.4	1.11055966711408e-09
359.2	1.1506673204555e-09
360	1.19202922022118e-09
360.8	1.23467047565224e-09
361.6	1.27861566319081e-09
362.4	1.32388873542066e-09
363.2	1.3705129257546e-09
364	1.41851064900488e-09
364.8	1.46790339801382e-09
365.6	1.51871163656659e-09
366.4	1.57095468885453e-09
367.2	1.62465062580696e-09
368	1.67981614866076e-09
368.8	1.73646647019005e-09
369.6	1.79461519407327e-09
370.4	1.85427419292982e-09
371.2	1.91545348561468e-09
372	1.97816111441418e-09
372.8	2.04240302284092e-09
373.6	2.10818293477747e-09
374.4	2.17550223576888e-09
375.2	2.24435985730927e-09
376	2.31475216500982e-09
376.8	2.3866728515709e-09
377.6	2.46011283551052e-09
378.4	2.53506016662338e-09
379.2	2.61149993915751e-09
380	2.68941421369995e-09
380.8	2.7687819487561e-09
381.6	2.84957894299011e-09
382.4	2.93177778906433e-09
383.2	3.01534783997462e-09
384	3.10025518872388e-09
384.8	3.18646266210975e-09
385.6	3.2739298293224e-09
386.4	3.36261302595648e-09
387.2	3.45246539393681e-09
388	3.54343693774205e-09
388.8	3.63547459718434e-09
389.6	3.72852233686805e-09
390.4	3.82252125230751e-09
391.2	3.91740969253486e-09
392	4.01312339887548e-09
392.8	4.10959565941335e-09
393.6	4.20675747851251e-09
394.4	4.30453776060771e-09
395.2	4.40286350732808e-09
396	4.50166002687522e-09
396.8	4.60085115444435e-09
397.6	4.70035948235429e-09
398.4	4.80010659844419e-09
399.2	4.90001333120035e-09
400	5e-09
400.8	5.09998666879966e-09
401.6	5.19989340155582e-09
402.4	5.29964051764572e-09
403.2	5.39914884555566e-09
404	5.49833997312478e-09
404.8	5.59713649267193e-09
405.6	5.69546223939229e-09
406.4	5.7932425214875e-09
407.2	5.89040434058666e-09
408	5.98687660112452e-09
408.8	6.08259030746515e-09
409.6	6.17747874769249e-09
410.4	6.27147766313196e-09
411.2	6.36452540281567e-09
412	6.45656306225795e-09
412.8	6.54753460606319e-09
413.6	6.63738697404353e-09
414.4	6.72607017067761e-09
415.2	6.81353733789026e-09
416	6.89974481127612e-09
416.8	6.98465216002539e-09
417.6	7.06822221093568e-09
418.4	7.1504210570099e-09
419.2	7.2312180512439e-09
420	7.31058578630005e-09
420.8	7.38850006084249e-09
421.6	7.46493983337662e-09
422.4	7.53988716448948e-09
423.2	7.61332714842911e-09
424	7.68524783499018e-09
424.8	7.75564014269074e-09
425.6	7.82449776423113e-09
426.4	7.89181706522253e-09
427.2	7.95759697715909e-09
428	8.02183888558582e-09
428.8	8.08454651438533e-09
429.6	8.14572580707018e-09
430.4	8.20538480592674e-09
431.2	8.26353352980995e-09
432	8.32018385133924e-09
432.8	8.37534937419304e-09
433.6	8.42904531114548e-09
434.4	8.48128836343341e-09
435.2	8.53209660198618e-09
436	8.58148935099513e-09
436.8	8.6294870742454e-09
437.6	8.67611126457935e-09
438.4	8.72138433680919e-09
439.2	8.76532952434776e-09
440	8.80797077977882e-09
440.8	8.8493326795445e-09
441.6	8.88944033288593e-09
442.4	8.92831929513472e-09
443.2	8.96599548541751e-09
444	9.00249510880315e-09
444.8	9.03784458289307e-09
445.6	9.07207046882843e-09
446.4	9.10519940666439e-09
447.2	9.13725805504084e-09
448	9.16827303506078e-09
448.8	9.19827087827188e-09
449.6	9.2272779786334e-09
450.4	9.25532054833972e-09
451.2	9.28242457736249e-09
452	9.30861579656653e-09
452.8	9.33391964424909e-09
453.6	9.35836123594826e-09
454.4	9.38196533736412e-09
455.2	9.40475634023499e-09
456	9.42675824101131e-09
456.8	9.44799462217066e-09
457.6	9.46848863601936e-09
458.4	9.48826299082908e-09
459.2	9.50733993915974e-09
460	9.52574126822434e-09
460.8	9.54348829215556e-09
461.6	9.56060184603859e-09
462.4	9.57710228157966e-09
463.2	9.59300946428534e-09
464	9.60834277203236e-09
464.8	9.62312109491394e-09
465.6	9.63736283625352e-09
466.4	9.65108591468263e-09
467.2	9.66430776718518e-09
468	9.6770453530155e-09
468.8	9.68931515840333e-09
469.6	9.70113320196364e-09
470.4	9.7125150407346e-09
471.2	9.72347577677177e-09
472	9.73403006423134e-09
472.8	9.74419211687993e-09
473.6	9.75397571597261e-09
474.4	9.76339421844539e-09
475.2	9.77246056537196e-09
476	9.78118729063869e-09
476.8	9.78958652979532e-09
477.6	9.79767002904215e-09
478.4	9.80544915431807e-09
479.2	9.81293490045646e-09
480	9.82013790037909e-09
480.8	9.82706843430095e-09
481.6	9.83373643892118e-09
482.4	9.84015151657797e-09
483.2	9.84632294434725e-09
484	9.85225968306727e-09
484.8	9.85797038627309e-09
485.6	9.86346340902649e-09
486.4	9.86874681662897e-09
487.2	9.87382839320661e-09
488	9.87871565015726e-09
488.8	9.88341583445167e-09
489.6	9.88793593678157e-09
490.4	9.89228269954859e-09
491.2	9.89646262468908e-09
492	9.90048198133096e-09
492.8	9.90434681327908e-09
493.6	9.90806294632712e-09
494.4	9.91163599539392e-09
495.2	9.91507137148356e-09
496	9.9183742884684e-09
496.8	9.92154976969544e-09
497.6	9.92460265441627e-09
498.4	9.92753760404169e-09
499.2	9.93035910822238e-09
500	9.93307149075715e-09
500.8	9.93567891533081e-09
501.6	9.93818539108389e-09
502.4	9.9405947780166e-09
503.2	9.94291079222977e-09
504	9.9451370110055e-09
504.8	9.94727687773051e-09
505.6	9.94933370666534e-09
506.4	9.95131068756242e-09
507.2	9.95321089013649e-09
508	9.95503726839059e-09
508.8	9.95679266480088e-09
509.6	9.95847981436399e-09
510.4	9.96010134851006e-09
511.2	9.96165979888503e-09
512	9.96315760100564e-09
512.8	9.96459709779054e-09
513.6	9.96598054297083e-09
514.4	9.96731010438361e-09
515.2	9.96858786715171e-09
516	9.96981583675292e-09
516.8	9.97099594198216e-09
517.6	9.97213003780958e-09
518.4	9.97321990813787e-09
519.2	9.9742672684619e-09
520	9.97527376843365e-09
520.8	9.97624099433555e-09
521.6	9.97717047146497e-09
522.4	9.97806366643291e-09
523.2	9.97892198937957e-09
524	9.9797467961095e-09
524.8	9.98053939014914e-09
525.6	9.98130102472916e-09
526.4	9.98203290469422e-09
527.2	9.98273618834263e-09
528	9.98341198919826e-09
528.8	9.98406137771697e-09
529.6	9.98468538292997e-09
530.4	9.9852849940261e-09
531.2	9.9858611618754e-09
532	9.98641480049571e-09
532.8	9.98694678846473e-09
533.6	9.98745797027903e-09
534.4	9.98794915766221e-09
535.2	9.9884211308239e-09
536	9.9888746396714e-09
536.8	9.98931040497558e-09
537.6	9.98972911949289e-09
538.4	9.99013144904479e-09
539.2	9.99051803355646e-09
540	9.99088948805599e-09
540.8	9.99124640363571e-09
541.6	9.99158934837691e-09
542.4	9.99191886823944e-09
543.2	9.99223548791729e-09
544	9.99253971166163e-09
544.8	9.99283202407234e-09
545.6	9.99311289085927e-09
546.4	9.99338275957443e-09
547.2	9.99364206031605e-09
548	9.99389120640566e-09
548.8	9.99413059503919e-09
549.6	9.99436060791308e-09
550.4	9.99458161182623e-09
551.2	9.99479395925889e-09
552	9.99499798892921e-09
552.8	9.9951940263283e-09
553.6	9.99538238423476e-09
554.4	9.99556336320926e-09
555.2	9.99573725207005e-09
556	9.99590432835014e-09
556.8	9.99606485873673e-09
557.6	9.99621909949373e-09
558.4	9.99636729686782e-09
559.2	9.9965096874789e-09
560	9.99664649869534e-09
560.8	9.99677794899469e-09
561.6	9.99690424831044e-09
562.4	9.99702559836532e-09
563.2	9.99714219299158e-09
564	9.99725421843899e-09
564.8	9.99736185367072e-09
565.6	9.99746527064784e-09
566.4	9.99756463460269e-09
567.2	9.99766010430164e-09
568	9.99775183229767e-09
568.8	9.99783996517304e-09
569.6	9.99792464377258e-09
570.4	9.99800600342789e-09
571.2	9.99808417417279e-09
572	9.99815928095037e-09
572.8	9.998231443812e-09
573.6	9.99830077810859e-09
574.4	9.99836739467432e-09
575.2	9.99843140000333e-09
576	9.9984928964194e-09
576.8	9.99855198223908e-09
577.6	9.99860875192844e-09
578.4	9.99866329625367e-09
579.2	9.99871570242587e-09
580	9.99876605424014e-09
580.8	9.99881443220922e-09
581.6	9.99886091369198e-09
582.4	9.9989055730168e-09
583.2	9.99894848160022e-09
584	9.99898970806092e-09
584.8	9.9990293183292e-09
585.6	9.99906737575226e-09
586.4	9.99910394119531e-09
587.2	9.99913907313872e-09
588	9.99917282777149e-09
588.8	9.99920525908083e-09
589.6	9.99923641893851e-09
590.4	9.99926635718362e-09
591.2	9.99929512170222e-09
592	9.9993227585038e-09
592.8	9.99934931179479e-09
593.6	9.99937482404919e-09
594.4	9.99939933607641e-09
595.2	9.9994228870865e-09
596	9.99944551475277e-09
596.8	9.99946725527202e-09
597.6	9.99948814342237e-09
598.4	9.99950821261882e-09
599.2	9.99952749496671e-09
600	9.99954602131298e-09
600.8	9.99956382129548e-09
601.6	9.99958092339037e-09
602.4	9.99959735495764e-09
603.2	9.9996131422848e-09
604	9.99962831062897e-09
604.8	9.9996428842572e-09
605.6	9.99965688648532e-09
606.4	9.99967033971515e-09
607.2	9.99968326547039e-09
608	9.999695684431e-09
608.8	9.99970761646625e-09
609.6	9.99971908066653e-09
610.4	9.99973009537385e-09
611.2	9.99974067821117e-09
612	9.99975084611061e-09
612.8	9.99976061534048e-09
613.6	9.99977000153135e-09
614.4	9.99977901970101e-09
615.2	9.99978768427851e-09
616	9.9997960091272e-09
616.8	9.99980400756697e-09
617.6	9.99981169239547e-09
618.4	9.99981907590867e-09
619.2	9.99982616992044e-09
620	9.99983298578152e-09
620.8	9.99983953439761e-09
621.6	9.99984582624687e-09
622.4	9.99985187139665e-09
623.2	9.9998576795196e-09
624	9.99986325990916e-09
624.8	9.99986862149437e-09
625.6	9.99987377285423e-09
626.4	9.99987872223139e-09
627.2	9.9998834775453e-09
628	9.99988804640495e-09
628.8	9.99989243612098e-09
629.6	9.99989665371742e-09
630.4	9.99990070594288e-09
631.2	9.99990459928141e-09
632	9.9999083399628e-09
632.8	9.99991193397262e-09
633.6	9.99991538706173e-09
634.4	9.99991870475552e-09
635.2	9.99992189236275e-09
636	9.99992495498403e-09
636.8	9.99992789751998e-09
637.6	9.99993072467907e-09
638.4	9.99993344098518e-09
639.2	9.99993605078479e-09
640	9.99993855825398e-09
640.8	9.99994096740508e-09
641.6	9.99994328209311e-09
642.4	9.99994550602193e-09
643.2	9.99994764275018e-09
644	9.99994969569698e-09
644.8	9.99995166814738e-09
645.6	9.99995356325763e-09
646.4	9.99995538406022e-09
647.2	9.99995713346874e-09
648	9.99995881428255e-09
648.8	9.99996042919124e-09
649.6	9.99996198077895e-09
650.4	9.99996347152848e-09
651.2	9.99996490382531e-09
652	9.99996627996137e-09
652.8	9.99996760213871e-09
653.6	9.99996887247306e-09
654.4	9.9999700929972e-09
655.2	9.99997126566419e-09
656	9.9999723923505e-09
656.8	9.99997347485905e-09
657.6	9.99997451492205e-09
658.4	9.9999755142038e-09
659.2	9.99997647430335e-09
660	9.99997739675702e-09
660.8	9.99997828304093e-09
661.6	9.9999791345733e-09
662.4	9.99997995271674e-09
663.2	9.99998073878045e-09
664	9.99998149402227e-09
664.8	9.99998221965075e-09
665.6	9.99998291682702e-09
666.4	9.99998358666672e-09
667.2	9.99998423024171e-09
668	9.99998484858184e-09
668.8	9.99998544267658e-09
669.6	9.99998601347659e-09
670.4	9.99998656189528e-09
671.2	9.99998708881022e-09
672	9.99998759506459e-09
672.8	9.99998808146848e-09
673.6	9.99998854880025e-09
674.4	9.99998899780772e-09
675.2	9.9999894292094e-09
676	9.99998984369561e-09
676.8	9.99999024192961e-09
677.6	9.99999062454866e-09
678.4	9.99999099216504e-09
679.2	9.99999134536699e-09
680	9.99999168471972e-09
680.8	9.99999201076627e-09
681.6	9.99999232402836e-09
682.4	9.99999262500729e-09
683.2	9.99999291418469e-09
684	9.99999319202329e-09
684.8	9.9999934589677e-09
685.6	9.99999371544508e-09
686.4	9.99999396186586e-09
687.2	9.99999419862435e-09
688	9.99999442609941e-09
688.8	9.99999464465507e-09
689.6	9.99999485464104e-09
690.4	9.99999505639335e-09
691.2	9.99999525023485e-09
692	9.99999543647572e-09
692.8	9.99999561541399e-09
693.6	9.99999578733599e-09
694.4	9.99999595251684e-09
695.2	9.99999611122086e-09
696	9.99999626370202e-09
696.8	9.9999964102043e-09
697.6	9.99999655096216e-09
698.4	9.99999668620082e-09
699.2	9.9999968161367e-09
